# rho | -
  1  0.0000000e+00
  2  4.3478261e-02
  3  8.6956522e-02
  4  1.3043478e-01
  5  1.7391304e-01
  6  2.1739130e-01
  7  2.6086957e-01
  8  3.0434783e-01
  9  3.4782609e-01
 10  3.9130435e-01
 11  4.3478261e-01
 12  4.7826087e-01
 13  5.2173913e-01
 14  5.6521739e-01
 15  6.0869565e-01
 16  6.5217391e-01
 17  6.9565217e-01
 18  7.3913043e-01
 19  7.8260870e-01
 20  8.2608696e-01
 21  8.6956522e-01
 22  9.1304348e-01
 23  9.5652174e-01
 24  1.0000000e+00
# polflux | Wb/radian
  1  0.0000000e+00
  2  8.5386923e-03
  3  3.4385112e-02
  4  7.7293203e-02
  5  1.3624254e-01
  6  2.1133455e-01
  7  3.0262384e-01
  8  4.1010660e-01
  9  5.3369874e-01
 10  6.7313734e-01
 11  8.2777277e-01
 12  9.9631649e-01
 13  1.1766991e+00
 14  1.3661563e+00
 15  1.5615108e+00
 16  1.7595246e+00
 17  1.9572052e+00
 18  2.1519992e+00
 19  2.3418573e+00
 20  2.5251865e+00
 21  2.7007175e+00
 22  2.8672665e+00
 23  3.0222821e+00
 24  3.1633891e+00
# q | -
  1  7.9471156e-01
  2  7.9471156e-01
  3  7.8054665e-01
  4  8.0092607e-01
  5  8.1064709e-01
  6  8.1594880e-01
  7  8.1937511e-01
  8  8.2210429e-01
  9  8.2503877e-01
 10  8.2957572e-01
 11  8.3796138e-01
 12  8.5301546e-01
 13  8.7745428e-01
 14  9.1339822e-01
 15  9.6233689e-01
 16  1.0252841e+00
 17  1.1029951e+00
 18  1.1961657e+00
 19  1.3057348e+00
 20  1.4333235e+00
 21  1.5820558e+00
 22  1.7589171e+00
 23  2.0057299e+00
 24  2.3223494e+00
# te | keV
  1  1.6244046e+01
  2  1.6062455e+01
  3  1.5537884e+01
  4  1.4703733e+01
  5  1.3622903e+01
  6  1.2379055e+01
  7  1.1062108e+01
  8  9.7517324e+00
  9  8.5061392e+00
 10  7.3594326e+00
 11  6.3255030e+00
 12  5.4046149e+00
 13  4.5895617e+00
 14  3.8700700e+00
 15  3.2353569e+00
 16  2.6752708e+00
 17  2.1806427e+00
 18  1.7432937e+00
 19  1.3559664e+00
 20  1.0122937e+00
 21  7.0688562e-01
 22  4.3682961e-01
 23  2.1303368e-01
 24  1.0000000e-02
# ti | keV
  1  1.7332999e+01
  2  1.7314245e+01
  3  1.7050501e+01
  4  1.6341107e+01
  5  1.5150916e+01
  6  1.3609918e+01
  7  1.1926161e+01
  8  1.0283700e+01
  9  8.7901922e+00
 10  7.4820272e+00
 11  6.3541039e+00
 12  5.3851310e+00
 13  4.5507444e+00
 14  3.8285059e+00
 15  3.1994032e+00
 16  2.6479979e+00
 17  2.1620389e+00
 18  1.7318531e+00
 19  1.3496880e+00
 20  1.0091490e+00
 21  7.0432416e-01
 22  4.3022640e-01
 23  1.9959333e-01
 24  1.0000000e-02
# ne | 10^19/m^3
  1  6.2019912e+01
  2  6.2015885e+01
  3  6.1885694e+01
  4  6.1630007e+01
  5  6.1246883e+01
  6  6.0733014e+01
  7  6.0087038e+01
  8  5.9312430e+01
  9  5.8418654e+01
 10  5.7420609e+01
 11  5.6336634e+01
 12  5.5185506e+01
 13  5.3983231e+01
 14  5.2740838e+01
 15  5.1464021e+01
 16  5.0154448e+01
 17  4.8811808e+01
 18  4.7435443e+01
 19  4.6024639e+01
 20  4.4574461e+01
 21  4.3038827e+01
 22  4.1024962e+01
 23  3.5385429e+01
 24  1.3707279e+00
